   1  18  17  16   0   0   0   0   0   0   0   0   0   0   0   0   0   0   0   0
   2  19  28  15   0   0   0   0   0   0   0   0   0   0   0   0   0   0   0   0
   3  20  27  14   0   0   0   0   0   0   0   0   0   0   0   0   0   0   0   0
   4  21  26  13   0   0   0   0   0   0   0   0   0   0   0   0   0   0   0   0
   5  22  25  12   0   0   0   0   0   0   0   0   0   0   0   0   0   0   0   0
   6  23  24  11   0   0   0   0   0   0   0   0   0   0   0   0   0   0   0   0
   7   8   9  10   0   0   0   0   0   0   0   0   0   0   0   0   0   0   0   0
   0   0   0   0   0   0   0   0   0   0   0   0   0   0   0   0   0   0   0   0
   0   0   0   0   0   0   0   0   0   0   0   0   0   0   0   0   0   0   0   0
   0   0   0   0   0   0   0   0   0   0   0   0   0   0   0   0   0   0   0   0
   0   0   0   0   0   0   0   0   0   0   0   0   0   0   0   0   0   0   0   0
   0   0   0   0   0   0   0   0   0   0   0   0   0   0   0   0   0   0   0   0
   0   0   0   0   0   0   0   0   0   0   0   0   0   0   0   0   0   0   0   0
   0   0   0   0   0   0   0   0   0   0   0   0   0   0   0   0   0   0   0   0
   0   0   0   0   0   0   0   0   0   0   0   0   0   0   0   0   0   0   0   0
