   1  16  15  14   0   0   0   0   0   0   0   0   0   0   0   0   0   0   0   0
   2  17  24  13   0   0   0   0   0   0   0   0   0   0   0   0   0   0   0   0
   3  18  23  12   0   0   0   0   0   0   0   0   0   0   0   0   0   0   0   0
   4  19  22  11   0   0   0   0   0   0   0   0   0   0   0   0   0   0   0   0
   5  20  21  10   0   0   0   0   0   0   0   0   0   0   0   0   0   0   0   0
   6   7   8   9   0   0   0   0   0   0   0   0   0   0   0   0   0   0   0   0
   0   0   0   0   0   0   0   0   0   0   0   0   0   0   0   0   0   0   0   0
   0   0   0   0   0   0   0   0   0   0   0   0   0   0   0   0   0   0   0   0
   0   0   0   0   0   0   0   0   0   0   0   0   0   0   0   0   0   0   0   0
   0   0   0   0   0   0   0   0   0   0   0   0   0   0   0   0   0   0   0   0
   0   0   0   0   0   0   0   0   0   0   0   0   0   0   0   0   0   0   0   0
   0   0   0   0   0   0   0   0   0   0   0   0   0   0   0   0   0   0   0   0
   0   0   0   0   0   0   0   0   0   0   0   0   0   0   0   0   0   0   0   0
   0   0   0   0   0   0   0   0   0   0   0   0   0   0   0   0   0   0   0   0
   0   0   0   0   0   0   0   0   0   0   0   0   0   0   0   0   0   0   0   0
